# oST version 5.0 parameters


[image]

width
640

height
480

[narrow_stereo]

camera matrix
529.221957 0.000000 326.289871
0.000000 527.942545 240.214685
0.000000 0.000000 1.000000

distortion
0.058911 0.060651 0.001013 0.000951 0.000000

rectification
1.000000 0.000000 0.000000
0.000000 1.000000 0.000000
0.000000 0.000000 1.000000

projection
554.595764 0.000000 326.398132 0.000000
0.000000 553.157471 240.659785 0.000000
0.000000 0.000000 1.000000 0.000000
